motif	target_w_motifs	target_total	local_w_motifs	local_total	global_w_motifs	global_total	target_percentage_w_motifs	local_percentage_w_motifs	global_percentage_w_motifs	local_fold_change	local_pvalue	global_fold_change	global_pvalue
ERG.MA0474.2	14483	51133	10519	51133	8734	51133	0.2832417	0.2057184	0.1708095	1.3768	1.00145174465014e-183	1.6582	0
GABPA.MA0062.3	30891	51133	26819	51133	24967	51133	0.6041304	0.5244949	0.4882757	1.1518	7.87475145081038e-146	1.2373	6.20381341524439e-304
BATF_JUN.MA0462.2	14028	51133	10863	51133	10485	51133	0.2743434	0.212446	0.2050535	1.2914	3.66100905471632e-118	1.3379	4.07795082078127e-149
TFAP2C.MA0524.2	33996	51133	31719	51133	29994	51133	0.6648544	0.6203235	0.5865879	1.0718	3.24710106843352e-50	1.1334	7.03425043882888e-148
CTCF.MA0139.1	3125	51133	1227	51133	1504	51133	0.0611151	0.0239962	0.0294135	2.5469	2.67208153820835e-196	2.0778	4.17222149771675e-134
NFIA.MA0670.1	12968	51133	10719	51133	9976	51133	0.2536131	0.2096298	0.1950991	1.2098	1.03189863180114e-62	1.2999	6.98443337429131e-112
KLF5.MA0599.1	28938	51133	26114	51133	25424	51133	0.5659359	0.5107074	0.4972132	1.1081	1.69371241585414e-70	1.1382	8.59377347826834e-108
WT1.MA1627.1	22253	51133	20174	51133	18944	51133	0.4351984	0.3945397	0.3704848	1.1031	4.96583149012354e-40	1.1747	4.02808894719267e-99
STAT3.MA0144.2	11108	51133	9611	51133	8598	51133	0.2172374	0.1879608	0.1681497	1.1558	1.24705355250244e-31	1.2919	1.53145866349418e-88
NFIX_2.MA1528.1	2851	51133	1727	51133	1566	51133	0.0557566	0.0337747	0.030626	1.6508	1.35637071557204e-65	1.8206	2.58669688224773e-88
EBF2.MA1604.1	19638	51133	17878	51133	16756	51133	0.3840573	0.3496372	0.3276944	1.0984	1.7663638467507e-30	1.172	2.39659414274888e-79
EGR1.MA0162.4	24754	51133	23130	51133	21763	51133	0.4841101	0.4523498	0.4256156	1.0702	1.32470388914997e-24	1.1374	5.30377907505357e-79
RBPJ.MA1116.1	27513	51133	26100	51133	24613	51133	0.5380674	0.5104336	0.4813526	1.0541	4.71171033526438e-19	1.1178	7.85811673952349e-74
CREB3L4.MA1474.1	16200	51133	13968	51133	13593	51133	0.3168208	0.27317	0.2658362	1.1598	3.64440251112625e-53	1.1918	2.70266766179763e-72
ZKSCAN5.MA1652.1	17075	51133	15421	51133	14767	51133	0.3339331	0.3015861	0.2887959	1.1073	6.03282587165444e-29	1.1563	4.63306850222184e-55
GMEB2.MA0862.1	6604	51133	5851	51133	5047	51133	0.1291534	0.1144271	0.0987034	1.1287	3.18810590424269e-13	1.3085	2.25101428251631e-53
CEBPB.MA0466.2	3094	51133	2260	51133	2046	51133	0.0605089	0.0441985	0.0400133	1.369	5.21997800597644e-32	1.5122	2.16642678346699e-51
ZIC1_ZIC2.MA1628.1	25607	51133	23049	51133	23234	51133	0.5007921	0.4507657	0.4543837	1.111	5.11162774635711e-58	1.1021	3.36036876456353e-50
NR1H4.MA1110.1	20401	51133	19465	51133	18300	51133	0.3989791	0.3806739	0.3578902	1.0481	1.01662177307064e-09	1.1148	4.39355306761856e-42
PLAGL2.MA1548.1	18264	51133	16926	51133	16232	51133	0.3571862	0.3310191	0.3174467	1.0791	6.76723082681289e-19	1.1252	1.86305572065852e-41
RELB.MA1117.1	36162	51133	35737	51133	34192	51133	0.7072145	0.6989029	0.6686875	1.0119	0.001854875589238	1.0576	1.28653542046483e-40
NR2C2.MA0504.1	3412	51133	2699	51133	2440	51133	0.0667279	0.0527839	0.0477187	1.2642	2.65366765636603e-21	1.3984	1.62428541087664e-39
HES1.MA1099.2	12817	51133	11735	51133	11132	51133	0.25066	0.2294995	0.2177068	1.0922	1.23599523025429e-15	1.1514	8.0515205402511e-36
NRF1.MA0506.1	4580	51133	3809	51133	3553	51133	0.0895703	0.074492	0.0694855	1.2024	8.16732935026979e-19	1.2891	8.21328937547501e-33
ZBTB26.MA1579.1	21948	51133	21452	51133	20101	51133	0.4292336	0.4195334	0.3931121	1.0231	0.000868624885273334	1.0919	4.30951317174493e-32
MAFG.MA0659.2	8301	51133	7558	51133	6966	51133	0.1623413	0.1478106	0.136233	1.0983	7.23039759076381e-11	1.1916	5.54669913621052e-32
REL.MA0101.1	27575	51133	26804	51133	25715	51133	0.5392799	0.5242016	0.5029042	1.0288	6.98354567608342e-07	1.0723	1.32065005002503e-31
PRDM4.MA1647.1	40796	51133	40764	51133	39317	51133	0.7978409	0.7972151	0.7689164	1.0008	0.404686658046703	1.0376	1.57607201508764e-29
NR5A1.MA1540.1	33243	51133	31995	51133	31535	51133	0.6501281	0.6257212	0.616725	1.039	2.44443374003732e-16	1.0542	7.94301188195031e-29
JUN_JUNB_2.MA1133.1	12028	51133	10849	51133	10560	51133	0.2352297	0.2121722	0.2065203	1.1087	4.73879135814084e-19	1.139	9.65749185167574e-29
NFAT5.MA0606.1	34034	51133	34505	51133	32349	51133	0.6655976	0.6748088	0.6326443	0.9863	0.999153696519502	1.0521	1.28721516216997e-28
ZNF341.MA1655.1	34160	51133	32995	51133	32539	51133	0.6680617	0.645278	0.6363601	1.0353	8.8497587689533e-15	1.0498	9.93448519035877e-27
RFX1.MA0509.2	6699	51133	5736	51133	5618	51133	0.1310113	0.112178	0.1098703	1.1679	1.6520386811513e-20	1.1924	1.49664194358944e-25
HNF4A.MA0114.4	14808	51133	13950	51133	13359	51133	0.2895977	0.2728179	0.2612599	1.0615	1.25302161248099e-09	1.1085	1.88337999695366e-24
ZFP57.MA1583.1	8928	51133	7990	51133	7746	51133	0.1746035	0.1562592	0.1514873	1.1174	1.54450159380465e-15	1.1526	7.56539185826086e-24
ZNF682.MA1599.1	6918	51133	6064	51133	5903	51133	0.1352942	0.1185927	0.115444	1.1408	5.51644188206148e-16	1.1719	4.8564825852155e-22
RARA_RXRG.MA1149.1	9229	51133	8531	51133	8141	51133	0.1804901	0.1668394	0.1592123	1.0818	4.35493497574223e-09	1.1336	6.85378426540749e-20
MXI1.MA1108.2	20344	51133	18843	51133	18949	51133	0.3978644	0.3685096	0.3705826	1.0797	2.48116511668121e-22	1.0736	1.58732305901544e-19
DBP.MA0639.1	1065	51133	870	51133	707	51133	0.020828	0.0170145	0.0138267	1.2241	4.17432600657824e-06	1.5064	4.59341003547771e-18
E2F6.MA0471.2	34796	51133	34373	51133	33503	51133	0.6804999	0.6722273	0.6552129	1.0123	0.00239716325216225	1.0386	4.78962173499564e-18
AR.MA0007.3	262	51133	111	51133	102	51133	0.0051239	0.0021708	0.0019948	2.3604	1.50851671326934e-15	2.5686	1.04151161968802e-17
STAT6.MA0520.1	4363	51133	4187	51133	3646	51133	0.0853265	0.0818845	0.0713042	1.042	0.0240163301850318	1.1967	3.75683015172768e-17
HSF4.MA0771.1	3817	51133	3602	51133	3171	51133	0.0746485	0.0704437	0.0620147	1.0597	0.00494010363163045	1.2037	6.27116907076902e-16
INSM1.MA0155.1	6527	51133	6047	51133	5705	51133	0.1276475	0.1182602	0.1115718	1.0794	2.53644174673862e-06	1.1441	1.24577686971657e-15
NHLH1.MA0048.2	10992	51133	9524	51133	9981	51133	0.2149688	0.1862594	0.1951968	1.1541	1.05710496930609e-30	1.1013	2.57024575810524e-15
ESR2.MA0258.2	11925	51133	11134	51133	10925	51133	0.2332153	0.2177459	0.2136585	1.071	1.69142382829351e-09	1.0915	3.17964071298573e-14
KLF2.MA1515.1	40275	51133	39436	51133	39278	51133	0.7876518	0.7712436	0.7681536	1.0213	1.30156538178938e-10	1.0254	3.34019919187562e-14
MYC.MA0147.3	22009	51133	20427	51133	20843	51133	0.4304265	0.3994876	0.4076233	1.0774	5.35686629688134e-24	1.0559	7.68909561504685e-14
HAND2.MA1638.1	20768	51133	20145	51133	19636	51133	0.4061565	0.3939726	0.3840181	1.0309	3.5904559419471e-05	1.0576	2.33134459889706e-13
ZBTB14.MA1650.1	13895	51133	13497	51133	12883	51133	0.2717423	0.2639587	0.2519508	1.0295	0.00252840732784705	1.0786	3.20094002083788e-13
PRDM15.MA1616.1	9806	51133	9716	51133	8936	51133	0.1917744	0.1900143	0.1747599	1.0093	0.239426380817256	1.0974	1.07176066839986e-12
NFKB2.MA0778.1	1217	51133	955	51133	899	51133	0.0238007	0.0186768	0.0175816	1.2743	7.25664961400437e-09	1.3537	1.51507403971872e-12
NFYA.MA0060.3	8780	51133	7649	51133	7973	51133	0.1717091	0.1495903	0.1559267	1.1479	3.10582182052652e-22	1.1012	4.84796271147825e-12
OVOL2.MA1545.1	1070	51133	1004	51133	796	51133	0.0209258	0.0196351	0.0155672	1.0657	0.074646079232773	1.3442	8.3328962924703e-11
MEIS2.MA0774.1	22839	51133	21868	51133	21832	51133	0.4466587	0.427669	0.426965	1.0444	4.82348883799501e-10	1.0461	1.12897095729695e-10
RORC.MA1151.1	26686	51133	27245	51133	25814	51133	0.5218939	0.5328262	0.5048403	0.9795	0.999773899001341	1.0338	2.52713205788286e-08
TEAD4.MA0809.2	18743	51133	18607	51133	17964	51133	0.3665539	0.3638942	0.3513191	1.0073	0.190309936730782	1.0434	1.96983416489708e-07
OSR1.MA1542.1	6428	51133	6212	51133	5909	51133	0.1257114	0.1214871	0.1155614	1.0348	0.0205373549959985	1.0878	3.28140669633769e-07
SIX1.MA1118.1	9297	51133	9469	51133	8691	51133	0.18182	0.1851837	0.1699685	0.9818	0.918883870212622	1.0697	3.35778139210011e-07
THAP11.MA1573.1	181	51133	113	51133	98	51133	0.0035398	0.0022099	0.0019166	1.6018	4.26080891247198e-05	1.8469	3.69436890948846e-07
NR2E3.MA0164.1	5475	51133	5292	51133	4996	51133	0.1070737	0.1034948	0.097706	1.0346	0.0318456638370177	1.0959	4.08573623752591e-07
ZBTB33.MA0527.1	1241	51133	1033	51133	1009	51133	0.02427	0.0202022	0.0197329	1.2014	5.59618819167185e-06	1.2299	4.14418347787964e-07
SOX14.MA1562.1	4147	51133	3952	51133	3748	51133	0.0811022	0.0772886	0.073299	1.0493	0.0123341433308802	1.1065	1.55255898529133e-06
CEBPD.MA0836.2	9673	51133	9367	51133	9096	51133	0.1891733	0.1831889	0.177889	1.0327	0.00713802428517686	1.0634	1.63349912582103e-06
HMBOX1.MA0895.1	21472	51133	22505	51133	20745	51133	0.4199245	0.4401267	0.4057067	0.9541	0.999999999967387	1.035	2.0017767547491e-06
ZBTB12.MA1649.1	33822	51133	34075	51133	33123	51133	0.6614515	0.6663994	0.6477813	0.9926	0.953665089383882	1.0211	2.21141936956744e-06
NR1D2.MA1532.1	3516	51133	3372	51133	3157	51133	0.0687619	0.0659457	0.061741	1.0427	0.0371964388775375	1.1137	2.89581463713851e-06
TFCP2.MA0145.3	5309	51133	5124	51133	4881	51133	0.1038273	0.1002093	0.0954569	1.0361	0.0286496665631005	1.0877	4.12698364652204e-06
TFAP2A.MA0003.4	31415	51133	31352	51133	30755	51133	0.6143782	0.6131461	0.6014707	1.002	0.345242407003331	1.0215	1.21600747223916e-05
SOX4.MA0867.2	22042	51133	22056	51133	21419	51133	0.4310719	0.4313457	0.418888	0.9994	0.53772820655196	1.0291	4.16613276946164e-05
NR2E1.MA0676.1	15691	51133	15925	51133	15126	51133	0.3068664	0.3114427	0.2958168	0.9853	0.944094042222921	1.0374	6.05735556223811e-05
GCM2.MA0767.1	20718	51133	20208	51133	20119	51133	0.4051787	0.3952047	0.3934641	1.0252	0.000579573653174633	1.0298	6.72141630577116e-05
PAX5.MA0014.3	21924	51133	21580	51133	21324	51133	0.4287642	0.4220366	0.4170301	1.0159	0.0150245218743613	1.0281	7.48402452535054e-05
HNF4A_2.MA1494.1	73	51133	27	51133	34	51133	0.0014276	0.000528	0.0006649	2.7038	2.32201584145043e-06	2.1471	0.000102412637559269
AHR_ARNT.MA0006.1	19223	51133	19164	51133	18672	51133	0.3759412	0.3747873	0.3651654	1.0031	0.3539936365205	1.0295	0.000184574963101145
BCL6.MA0463.2	584	51133	564	51133	469	51133	0.0114212	0.0110301	0.0091722	1.0355	0.28640627806384	1.2452	0.00020428767415302
RREB1.MA0073.1	512	51133	507	51133	410	51133	0.0100131	0.0099153	0.0080183	1.0099	0.449895510906507	1.2488	0.000412330557475797
ZNF684.MA1600.1	72	51133	55	51133	37	51133	0.0014081	0.0010756	0.0007236	1.3091	0.0775717322449107	1.946	0.000513315048795204
NFIL3.MA0025.2	9115	51133	9559	51133	8719	51133	0.1782606	0.1869439	0.1705161	0.9536	0.99984209359317	1.0454	0.00056625568391546
ZKSCAN1.MA1585.1	2747	51133	2847	51133	2530	51133	0.0537226	0.0556783	0.0494788	0.9649	0.917573194855791	1.0858	0.00113046537744806
E2F1.MA0024.3	1467	51133	1272	51133	1328	51133	0.0286899	0.0248763	0.0259715	1.1533	8.53175175753788e-05	1.1047	0.00405861984865341
ZNF449.MA1656.1	14274	51133	13625	51133	13906	51133	0.2791544	0.266462	0.2719574	1.0476	2.68777348857776e-06	1.0265	0.00510545711805745
MYBL1.MA0776.1	169	51133	142	51133	126	51133	0.0033051	0.0027771	0.0024642	1.1901	0.0698330647335338	1.3412	0.00709673005503445
NR4A2.MA0160.1	38846	51133	38888	51133	38519	51133	0.7597051	0.7605265	0.75331	0.9989	0.623578085306346	1.0085	0.00876889268400714
BARHL2.MA0635.1	32107	51133	33764	51133	31741	51133	0.6279115	0.6603172	0.6207537	0.9509	1	1.0115	0.00921701932375066
ZNF423.MA0116.1	628	51133	585	51133	548	51133	0.0122817	0.0114408	0.0107171	1.0735	0.112531361843824	1.146	0.0102314672432996
HIC1.MA0739.1	44968	51133	44804	51133	44724	51133	0.8794321	0.8762247	0.8746602	1.0037	0.059800541375268	1.0055	0.0103331830434836
PLAG1.MA0163.1	744	51133	806	51133	658	51133	0.0145503	0.0157628	0.0128684	0.9231	0.946584557014929	1.1307	0.0111159795681687
GLI3.MA1491.1	1629	51133	1552	51133	1509	51133	0.0318581	0.0303522	0.0295113	1.0496	0.0854999720359923	1.0795	0.0154685245295625
PRDM1.MA0508.3	22831	51133	23622	51133	22492	51133	0.4465023	0.4619717	0.4398725	0.9665	0.999999672444586	1.0151	0.016682250946298
PAX6.MA0069.1	1758	51133	1736	51133	1639	51133	0.0343809	0.0339507	0.0320537	1.0127	0.358866010040084	1.0726	0.0197367379036464
RARG_3.MA1553.1	618	51133	523	51133	551	51133	0.0120861	0.0102282	0.0107758	1.1816	0.00255637076849224	1.1216	0.0260772651308452
IRF6.MA1509.1	477	51133	457	51133	424	51133	0.0093286	0.0089375	0.0082921	1.0438	0.266141713175461	1.125	0.0408966670177854
ZSCAN4.MA1155.1	53	51133	52	51133	37	51133	0.0010365	0.001017	0.0007236	1.0192	0.5	1.4324	0.0565928853510151
ZNF282.MA1154.1	56	51133	44	51133	40	51133	0.0010952	0.0008605	0.0007823	1.2727	0.135509145453322	1.4	0.0625842226135008
SMAD5.MA1557.1	1165	51133	1087	51133	1094	51133	0.0227837	0.0212583	0.0213952	1.0718	0.0504147105349376	1.0649	0.0681920855478065
ZSCAN29.MA1602.1	789	51133	766	51133	731	51133	0.0154303	0.0149805	0.0142961	1.03	0.28699942091648	1.0793	0.0703622261941698
ZNF528.MA1597.1	77	51133	77	51133	60	51133	0.0015059	0.0015059	0.0011734	1	0.532119733163929	1.2834	0.0855609355135329
SOX5.MA0087.1	10371	51133	10683	51133	10211	51133	0.202824	0.2089257	0.1996949	0.9708	0.992254310097099	1.0157	0.107472172367941
NR1I2.MA1533.1	1896	51133	1827	51133	1827	51133	0.0370798	0.0357304	0.0357304	1.0378	0.128120930446705	1.0378	0.128120930446705
ZNF136.MA1588.1	228	51133	196	51133	204	51133	0.004459	0.0038331	0.0039896	1.1633	0.0656495365600032	1.1177	0.133719218903665
ISL1.MA1608.1	19475	51133	20236	51133	19306	51133	0.3808695	0.3957523	0.3775644	0.9624	0.999999493946094	1.0088	0.139458741084606
CEBPG_2.MA1636.1	3698	51133	3599	51133	3613	51133	0.0723212	0.0703851	0.0706589	1.0275	0.116924432040061	1.0235	0.153976952371296
PROX1.MA0794.1	136	51133	143	51133	119	51133	0.0026597	0.0027966	0.0023273	0.951	0.684205561617614	1.1428	0.157879575526755
MZF1_2.MA0057.1	44919	51133	45093	51133	44813	51133	0.8784738	0.8818767	0.8764008	0.9961	0.954012770530946	1.0024	0.158356383296382
TCF7L2.MA0523.1	5364	51133	5574	51133	5276	51133	0.1049029	0.1090098	0.1031819	0.9623	0.983617222613954	1.0167	0.186450033652133
ZBTB32.MA1580.1	987	51133	1081	51133	958	51133	0.0193026	0.0211409	0.0187355	0.913	0.982604290715302	1.0303	0.260761655608027
HOXA11.MA0911.1	6013	51133	6316	51133	5960	51133	0.1175953	0.123521	0.1165588	0.952	0.998247590319075	1.0089	0.30651493837614
HOXB4.MA1499.1	13766	51133	14978	51133	13695	51133	0.2692195	0.2929224	0.267831	0.9191	1	1.0052	0.310688160816647
CENPB.MA0637.1	786	51133	838	51133	766	51133	0.0153717	0.0163886	0.0149805	0.938	0.907545601608864	1.0261	0.313493544739114
FOXH1.MA0479.1	3269	51133	3453	51133	3243	51133	0.0639313	0.0675298	0.0634228	0.9467	0.990217111679958	1.008	0.374423930411819
ZNF652.MA1657.1	5845	51133	6379	51133	5812	51133	0.1143097	0.1247531	0.1136644	0.9163	0.999999874943857	1.0057	0.376429337559394
MSX2.MA0708.1	16533	51133	17477	51133	16515	51133	0.3233333	0.3417949	0.3229812	0.946	0.999999999822409	1.0011	0.454751146448988
NKX3_1.MA0124.2	13292	51133	13988	51133	13280	51133	0.2599495	0.2735611	0.2597149	0.9502	0.999999585413489	1.0009	0.468740672197876
TP73.MA0861.1	179	51133	169	51133	177	51133	0.0035007	0.0033051	0.0034616	1.0592	0.314482183468452	1.0113	0.478834071955772
NKX2_5.MA0063.2	25853	51133	26506	51133	25849	51133	0.505603	0.5183737	0.5055248	0.9754	0.999978561699641	1.0002	0.492514915017751
HINFP.MA0131.2	5962	51133	6208	51133	5964	51133	0.1165979	0.1214089	0.116637	0.9604	0.991471526407423	0.9997	0.511658570608136
ZBTB7B.MA0694.1	3451	51133	3752	51133	3460	51133	0.0674907	0.0733773	0.0676667	0.9198	0.999888390983141	0.9974	0.549568634960989
REST.MA0138.2	84	51133	36	51133	85	51133	0.0016428	0.000704	0.0016623	2.3335	6.87006800260357e-06	0.9883	0.561155278982104
PKNOX1.MA0782.2	13396	51133	13204	51133	13466	51133	0.2619835	0.2582285	0.2633524	1.0145	0.0866824143997478	0.9948	0.693043286630176
SOX1.MA0870.1	18	51133	23	51133	21	51133	0.000352	0.0004498	0.0004107	0.7826	0.825604102252359	0.8571	0.738841249721092
ZNF143.MA0088.2	22	51133	20	51133	26	51133	0.0004303	0.0003911	0.0005085	1.1002	0.438794594810338	0.8462	0.764612833957866
MEIS1_2.MA1639.1	7856	51133	8245	51133	7942	51133	0.1536386	0.1612462	0.1553204	0.9528	0.99959379913991	0.9892	0.774202341722733
FOXQ1.MA0040.1	2754	51133	3051	51133	2816	51133	0.0538595	0.0596679	0.0550721	0.9027	0.999971873271975	0.978	0.807331923778034
NR1I3.MA1534.1	16604	51133	17569	51133	16741	51133	0.3247218	0.3435942	0.3274011	0.9451	0.999999999924466	0.9918	0.821360673184083
PTF1A.MA1618.1	27849	51133	28084	51133	28010	51133	0.5446385	0.5492343	0.5477871	0.9916	0.930898212100618	0.9943	0.845546594589931
ZNF140.MA1589.1	66	51133	72	51133	78	51133	0.0012908	0.0014081	0.0015254	0.9167	0.724428015962401	0.8462	0.860862205879738
MAFK.MA0496.3	14587	51133	14150	51133	14745	51133	0.2852757	0.2767293	0.2883656	1.0309	0.00120968850549334	0.9893	0.864187352634909
MECOM.MA0029.1	156	51133	190	51133	176	51133	0.0030509	0.0037158	0.003442	0.8211	0.970349600208773	0.8864	0.875851334461712
NKX2_3.MA0672.1	21936	51133	22656	51133	22199	51133	0.4289989	0.4430798	0.4341423	0.9682	0.999997274441751	0.9882	0.952219583125578
ZNF274.MA1592.1	403	51133	352	51133	451	51133	0.0078814	0.006884	0.0088201	1.1449	0.033857006492488	0.8936	0.953917605450137
SOX2.MA0143.4	26508	51133	27326	51133	26781	51133	0.5184128	0.5344103	0.5237518	0.9701	0.999999854643639	0.9898	0.956841101668219
STAT2.MA1623.1	15714	51133	17008	51133	15983	51133	0.3073162	0.3326228	0.312577	0.9239	1	0.9832	0.96604761308553
GATA2.MA0036.3	15048	51133	16244	51133	15324	51133	0.2942914	0.3176813	0.299689	0.9264	1	0.982	0.970998525148413
GATA3.MA0037.3	19442	51133	20713	51133	19769	51133	0.3802241	0.4050809	0.3866192	0.9386	1	0.9835	0.982548800825529
MIX_A.MA0621.1	3679	51133	4291	51133	3873	51133	0.0719496	0.0839184	0.0757436	0.8574	0.999999999999578	0.9499	0.990142854834193
IRF1.MA0050.2	1923	51133	2136	51133	2069	51133	0.0376078	0.0417734	0.0404631	0.9003	0.99969638644488	0.9294	0.991192144306278
ZNF24.MA1124.1	953	51133	1239	51133	1060	51133	0.0186377	0.0242309	0.0207303	0.7692	0.999999999726998	0.8991	0.992485198373189
NEUROD2.MA0668.1	13318	51133	13483	51133	13660	51133	0.260458	0.2636849	0.2671465	0.9878	0.881077547853123	0.975	0.992530631519838
ZFX.MA0146.2	21193	51133	21123	51133	21598	51133	0.4144682	0.4130992	0.4223887	1.0033	0.330658998278468	0.9812	0.994968480898333
FOXA2.MA0047.3	17971	51133	19400	51133	18377	51133	0.351456	0.3794027	0.3593961	0.9263	1	0.9779	0.996081520487244
CREB1.MA0018.4	15876	51133	16243	51133	16304	51133	0.3104844	0.3176618	0.3188548	0.9774	0.993418163500351	0.9737	0.998066468196994
DUX.MA0611.1	7419	51133	7214	51133	7747	51133	0.1450922	0.1410831	0.1515069	1.0284	0.0342430479255933	0.9577	0.998103450568591
DMRT1.MA1603.1	3723	51133	4118	51133	3987	51133	0.0728101	0.0805351	0.0779731	0.9041	0.999998379533759	0.9338	0.999152038384232
LHX2.MA0700.2	12208	51133	13724	51133	12700	51133	0.2387499	0.2683981	0.2483719	0.8895	1	0.9613	0.999835739586642
SMAD2_SMAD3_SMAD4.MA0513.1	10479	51133	10685	51133	10990	51133	0.2049361	0.2089649	0.2149297	0.9807	0.944956500291031	0.9535	0.999957774220563
SIX3.MA0631.1	574	51133	676	51133	738	51133	0.0112256	0.0132204	0.0144329	0.8491	0.998319860443614	0.7778	0.999997789279904
EWSR1_FLI1.MA0149.1	62	51133	89	51133	124	51133	0.0012125	0.0017406	0.002425	0.6966	0.988861767931612	0.5	0.999998475584085
RUNX3.MA0684.2	31045	51133	32486	51133	31859	51133	0.6071422	0.6353236	0.6230614	0.9556	1	0.9745	0.999999918791829
LIN54.MA0619.1	10484	51133	12587	51133	11212	51133	0.2050339	0.246162	0.2192713	0.8329	1	0.9351	0.999999987717672
DUXA.MA0884.1	4340	51133	4691	51133	4849	51133	0.0848767	0.0917411	0.0948311	0.9252	0.999947706554308	0.895	0.999999987835361
SCRT2.MA0744.2	6940	51133	7518	51133	7650	51133	0.1357245	0.1470283	0.1496098	0.9231	0.999999898855687	0.9072	0.999999999897986
DMRT3.MA0610.1	8756	51133	9645	51133	9558	51133	0.1712397	0.1886257	0.1869243	0.9078	0.999999999999786	0.9161	0.9999999999712
TBP.MA0108.2	19178	51133	21391	51133	20214	51133	0.3750611	0.4183404	0.395322	0.8965	1	0.9487	0.99999999998666
GFI1B.MA0483.1	8124	51133	8840	51133	8925	51133	0.1588798	0.1728825	0.1745448	0.919	0.999999999171468	0.9103	0.999999999991497
ARID3A.MA0151.1	19692	51133	22093	51133	20766	51133	0.3851133	0.4320693	0.4061174	0.8913	1	0.9483	0.999999999996899
NR1H3_RXRA.MA0494.1	6317	51133	7361	51133	7073	51133	0.1235406	0.1439579	0.1383255	0.8582	1	0.8931	0.999999999998883
DPRX.MA1480.1	14923	51133	16221	51133	15983	51133	0.2918468	0.3172315	0.312577	0.92	1	0.9337	0.99999999999975
YY2.MA0748.2	21390	51133	22114	51133	22665	51133	0.4183208	0.43248	0.4432558	0.9673	0.999997736843426	0.9437	1
PITX3.MA0714.1	34353	51133	37160	51133	35744	51133	0.6718362	0.7267322	0.6990398	0.9245	1	0.9611	1
ZBTB6.MA1581.1	24715	51133	26330	51133	26604	51133	0.4833473	0.5149316	0.5202902	0.9387	1	0.929	1
SPZ1.MA0111.1	15538	51133	16838	51133	16843	51133	0.3038742	0.3292981	0.3293959	0.9228	1	0.9225	1
RBPJL.MA1621.1	31651	51133	33516	51133	34338	51133	0.6189936	0.6554671	0.6715428	0.9444	1	0.9217	1
MGA.MA0801.1	22717	51133	24906	51133	25382	51133	0.4442728	0.4870827	0.4963918	0.9121	1	0.895	1
POU5F1.MA1115.1	25242	51133	29304	51133	28401	51133	0.4936538	0.5730937	0.5554339	0.8614	1	0.8888	1
SNAI1.MA1558.1	25486	51133	28117	51133	29373	51133	0.4984257	0.5498797	0.5744431	0.9064	1	0.8677	1
POU4F1.MA0790.1	4621	51133	5833	51133	5599	51133	0.0903722	0.1140751	0.1094988	0.7922	1	0.8253	1
ZNF384.MA1125.1	13274	51133	17503	51133	16337	51133	0.2595975	0.3423034	0.3195001	0.7584	1	0.8125	1
MEF2A.MA0052.4	13909	51133	18708	51133	17302	51133	0.2720161	0.3658694	0.3383725	0.7435	1	0.8039	1
SREBF1.MA0595.1	7481	51133	9046	51133	9355	51133	0.1463047	0.1769112	0.1829543	0.827	1	0.7997	1
DDIT3_CEBPA.MA0019.1	11937	51133	14501	51133	14957	51133	0.23345	0.2835938	0.2925117	0.8232	1	0.7981	1
HOXB13.MA0901.2	7076	51133	9361	51133	8900	51133	0.1383842	0.1830716	0.1740559	0.7559	1	0.7951	1
ARID5A.MA0602.1	15579	51133	20819	51133	19758	51133	0.304676	0.4071539	0.3864041	0.7483	1	0.7885	1
CUX1.MA0754.1	3600	51133	4520	51133	4676	51133	0.0704046	0.0883969	0.0914478	0.7965	1	0.7699	1
ONECUT1.MA0679.2	2448	51133	3460	51133	3711	51133	0.0478751	0.0676667	0.0725754	0.7075	1	0.6597	1
ZNF460.MA1596.1	5958	51133	11369	51133	11452	51133	0.1165197	0.2223417	0.223965	0.5241	1	0.5203	1
